0,19,15,16,13,13,13,12,12,14,11,11,14,13,16,11,13,12,16,12
19,0,16,13,16,18,12,13,13,11,16,20,17,16,11,12,14,13,11,13
15,16,0,15,14,14,14,13,17,11,12,14,11,12,11,12,12,11,13,11
16,13,15,0,15,13,17,14,12,14,13,15,14,11,12,11,13,14,12,16
13,16,14,15,0,14,12,13,17,17,12,14,17,12,13,18,10,13,13,11
13,18,14,13,14,0,12,13,13,15,16,12,11,12,15,10,10,13,13,17
13,12,14,17,12,12,0,17,15,11,12,14,15,18,13,12,12,15,13,13
12,13,13,14,13,13,17,0,16,16,11,11,14,17,12,13,11,10,10,14
12,13,17,12,17,13,15,16,0,16,13,19,16,13,16,11,15,12,10,10
14,11,11,14,17,15,11,16,16,0,13,19,12,15,14,11,15,12,16,12
11,16,12,13,12,16,12,11,13,13,0,14,15,18,15,12,16,13,15,13
11,20,14,15,14,12,14,11,19,19,14,0,15,14,15,14,10,15,15,21
14,17,11,14,17,11,15,14,16,12,15,15,0,17,14,13,11,16,14,12
13,16,12,11,12,12,18,17,13,15,18,14,17,0,13,14,14,11,13,15
16,11,11,12,13,15,13,12,16,14,15,15,14,13,0,13,13,10,14,14
11,12,12,11,18,10,12,13,11,11,12,14,13,14,13,0,16,15,13,15
13,14,12,13,10,10,12,11,15,15,16,10,11,14,13,16,0,11,13,13
12,13,11,14,13,13,15,10,12,12,13,15,16,11,10,15,11,0,14,10
16,11,13,12,13,13,13,10,10,16,15,15,14,13,14,13,13,14,0,12
12,13,11,16,11,17,13,14,10,12,13,21,12,15,14,15,13,10,12,0
