764,588,114,115
783,470,230,147
788,760,111,133
804,894,118,95
849,707,105,106
851,378,187,72
878,1060,90,123
895,803,120,124
911,928,136,111
942,604,124,105
956,705,91,122
962,1015,98,82
979,428,176,116
992,1205,95,102
1017,902,107,94
1017,1037,99,105
1088,1169,110,115
1090,789,151,103
1091,882,102,112
1093,543,116,110
1100,1031,116,143
1101,1259,109,122
1127,1324,113,130
1128,687,103,101
1200,1108,135,161
1222,924,132,119
1225,1300,159,166
1246,438,144,151
1246,647,98,155
1279,809,137,108
1291,1028,102,91
1335,498,190,143
1336,1108,148,116
1356,918,115,107
1360,722,94,124
1389,1227,119,112
1393,1030,154,88
1420,656,96,147
1471,946,100,86
